1000
20
-627 932 442
-274 620 293
966 904 247
-893 701 -918
842 955 -309
-72 -282 453
281 -485 -507
-326 -991 11
-607 -160 -306
482 -533 151
-458 -891 818
551 -252 855
-775 561 -324
-654 -360 -235
-779 456 312
9 998 -452
926 227 -855
-393 920 830
-621 -556 -724
-218 87 170
912 153 -389
519 -199 913
-835 477 115
-931 -525 279
956 375 62
677 17 168
-996 331 -739
-521 363 0
-659 -722 -310
534 732 676
900 -448 964
-399 978 601
852 108 169
-661 912 -195
-505 394 886
-391 421 -125
189 188 -672
959 750 391
580 -158 -961
-958 -978 -11
-189 -912 -579
339 23 84
338 92 855
89 107 199
-621 704 862
-433 -951 -621
24 -497 -800
-911 -314 52
-896 268 459
130 -821 906
283 -155 -573
-115 821 947
716 301 -404
583 552 446
945 340 -458
74 39 385
-481 -993 493
-502 633 457
428 361 -658
-70 626 -552
-458 -159 995
-465 776 931
65 273 -215
254 946 824
620 -860 777
106 460 775
935 -640 585
-214 2 -819
901 -264 -701
600 949 -439
406 -846 -978
104 509 47
642 -692 819
85 -662 99
-689 -246 -870
-22 -455 702
178 150 -389
-514 -474 16
987 596 -776
359 -812 222
-827 -148 740
575 262 -718
-139 -876 -572
15 961 -954
750 -491 -597
-54 110 -542
-477 -923 762
325 453 456
-576 -508 212
551 819 397
969 -479 -136
-807 -518 -182
141 531 906
-760 -800 -47
162 -898 -792
468 -812 640
-397 388 -127
292 -911 -510
-416 687 336
64 803 -476
907 -527 814
-332 676 545
-749 706 391
-558 998 -940
-902 -458 -686
925 -609 918
760 296 45
-683 -789 -210
349 -62 324
-610 995 713
-18 285 -498
-174 725 788
499 913 -994
-12 -222 -63
432 223 731
-907 227 -797
371 -779 -469
605 -96 706
-501 -438 409
299 348 660
-239 718 48
721 -805 -808
-452 877 -733
-446 396 698
427 222 714
-281 614 -783
895 910 949
-567 284 -369
-88 174 -907
577 -35 706
-579 368 915
764 -956 151
-779 -164 -7
-625 -463 160
661 -802 -978
110 929 355
-533 533 -294
-78 -821 -906
-286 12 -934
633 -684 -704
-387 -864 728
-665 -693 -961
547 458 -127
-762 649 -360
-455 -996 733
74 255 836
67 559 -922
794 724 42
297 844 -575
336 503 -388
-377 -955 -500
644 -648 318
46 -869 -953
755 -27 230
-999 14 387
908 -471 967
718 -357 -129
727 886 202
193 -357 -60
-405 45 559
23 -649 -825
-455 -426 948
25 495 883
113 349 654
902 -616 -953
-475 -705 -707
-916 -106 564
850 -348 456
-897 -755 -854
537 -650 -398
-74 752 -73
669 546 -937
573 -592 -174
568 -645 454
-898 842 517
59 984 387
-126 -752 -637
-332 -628 -433
-411 -646 722
168 -837 808
382 -756 -956
-260 696 -876
297 643 514
953 14 -217
-338 975 767
-191 -117 636
-83 832 -339
-466 700 -161
721 492 -339
-456 -152 60
46 878 656
733 215 -729
477 -5 -70
-317 -146 -380
-288 -357 -138
224 674 -130
-718 -32 880
-168 -119 -437
280 617 271
728 -271 -614
-247 -495 534
661 -410 502
178 -580 33
-491 -99 -157
-919 37 69
-855 -339 -336
668 -207 -514
139 378 925
517 174 39
-361 -952 382
-787 238 -320
-265 3 -770
476 475 955
204 831 543
333 -443 -976
441 618 -530
406 985 -298
85 736 -357
504 -461 -320
-79 871 986
-209 -783 642
-36 699 758
-893 890 -889
-383 202 635
766 690 -359
263 757 -80
-172 -574 -910
-348 734 919
-612 10 59
479 -505 282
-207 -369 -740
16 766 -434
-975 665 -780
-410 -411 570
750 -119 -74
-224 -161 569
-798 -706 617
-987 -113 -465
602 -749 -249
-811 135 -936
849 9 -591
794 284 -603
-360 554 326
681 -511 161
-600 -885 -300
259 180 -1000
-191 988 -433
556 736 -258
946 32 995
246 100 428
-815 -684 476
747 172 -374
9 763 43
-237 -236 -794
-974 149 342
-417 428 592
-589 -801 414
549 663 -170
418 342 631
635 666 -768
757 -760 817
-901 -938 128
81 -332 945
-8 80 215
-540 880 -721
-79 67 -385
396 828 101
-526 -413 138
-777 171 -214
-687 -326 328
567 -779 720
-56 480 -211
-298 -686 633
-193 -178 241
420 -435 -164
47 -779 -946
-505 -202 78
311 -346 462
-867 169 563
649 525 946
350 573 861
976 518 -603
564 833 -607
408 149 -575
41 829 12
-984 445 165
-607 -962 -181
-339 -511 481
-408 -187 605
355 -203 -4
896 -907 779
702 -239 -123
-851 -821 902
-752 154 1000
110 -103 696
824 -909 -577
858 -856 669
-606 -111 871
-101 -641 638
231 688 -45
-439 883 889
-670 396 376
-797 44 395
-796 -317 695
627 -200 -311
532 -59 -522
-455 17 -66
115 364 753
-964 415 717
971 812 787
-834 906 176
-822 -319 971
698 78 377
367 -969 561
-134 894 -240
-691 -522 320
-348 -208 698
-690 -600 -855
-1 924 -829
-465 905 116
-146 -952 68
-815 -926 -430
-154 358 -259
340 384 281
671 830 -245
900 692 -697
239 9 310
47 -35 -136
-368 -838 403
-948 647 20
-758 -726 921
-496 342 -64
627 538 191
124 807 -922
79 -479 -711
-443 -399 -784
-531 -522 980
-871 -97 279
-677 -784 262
-348 -971 687
-411 -214 -685
-872 -312 -803
663 147 -559
-274 -902 942
-380 429 618
166 224 -37
-521 163 -162
-621 -456 -651
53 -57 647
547 641 -494
297 832 196
909 -135 359
-438 827 851
-667 -769 -998
-971 282 470
299 867 -278
540 -75 -48
-223 -108 752
-217 199 662
-742 -346 301
426 -786 -577
912 567 687
-696 384 -676
-157 973 -426
264 994 867
21 -448 -987
378 -346 244
-616 -349 -735
7 -207 -788
493 -291 590
992 -913 -615
-2 -988 -35
332 188 431
741 297 648
149 420 259
322 362 -539
-237 806 373
-323 -891 265
992 -823 -817
-494 794 632
-638 767 -274
-129 -130 209
-996 49 557
366 -503 162
-970 402 -173
879 63 110
716 369 768
799 515 74
-244 -771 657
260 -991 95
-267 929 209
-626 -827 -789
-195 643 270
-112 -727 -24
857 950 -636
553 -732 746
-19 -431 -219
138 -982 152
920 482 290
-4 -595 -266
560 -791 168
-177 -449 758
-231 679 445
546 832 -252
239 -621 -627
-36 -461 864
226 539 186
257 -749 454
309 -471 388
622 -381 788
174 323 877
507 172 -304
-137 -367 335
-639 170 471
-809 566 602
367 2 -868
707 -605 231
917 366 127
-671 173 660
-454 391 486
-950 -150 730
323 -872 586
-928 619 -15
-962 792 -438
192 -325 -197
-34 361 -223
490 -514 500
-799 -490 -591
-124 -331 546
163 -429 -495
33 -697 -629
-973 664 227
-598 -169 -415
-358 -332 674
-25 37 -179
-753 251 620
801 -318 -95
-554 83 -679
-547 -676 172
169 196 511
-705 63 -169
37 658 -404
-352 749 25
265 -305 119
-233 -634 -220
394 511 -597
-304 -736 412
457 -281 731
31 297 -693
26 -217 95
-388 -995 564
106 469 -935
655 -647 -950
-878 -772 100
-530 14 729
843 697 556
-896 722 717
-449 94 -616
735 -101 7
-344 452 -532
-132 -177 644
738 450 -385
697 -28 -936
-184 263 66
251 380 104
185 -84 -752
-562 293 201
171 906 -795
362 -11 -436
927 760 610
676 -718 359
-609 -349 -135
-920 423 257
603 59 494
178 -129 315
555 -788 -612
125 336 -965
752 740 358
230 -156 301
541 81 109
386 887 637
330 127 -587
376 -676 565
-671 339 -645
807 502 -610
-347 269 -594
-306 -839 508
100 -22 -839
37 -184 -227
-627 -914 368
-236 -244 -361
758 -58 443
-250 -153 436
-852 -68 -237
76 -114 -9
-705 136 -359
-881 978 -490
-369 715 -460
239 249 -558
782 -906 -851
-342 -269 -583
-432 -102 593
24 784 -598
957 -111 40
-939 -738 -402
580 102 999
-686 600 -720
-837 -251 188
-442 387 -177
-722 -256 488
847 -21 -355
-722 -160 96
-379 853 -555
-167 97 315
187 -856 64
739 293 76
998 636 -3
286 -492 -748
255 180 55
-128 915 -531
-339 -202 391
166 911 226
986 616 -467
381 -449 -688
-99 -66 451
-877 86 601
420 2 118
-432 111 -59
-923 -395 -186
172 664 -545
-945 527 194
-953 -404 -67
465 -924 -119
441 -607 -662
805 -152 615
659 -373 -415
-684 -25 771
-751 412 316
-907 269 -384
-600 -428 -910
-48 -239 855
545 -636 504
963 127 -257
-943 365 -784
477 -953 -46
503 508 901
72 -78 501
-283 -994 126
227 483 -454
-661 -495 261
-438 188 -979
637 -631 -877
628 873 -261
-167 910 -729
234 529 -815
311 -178 -216
256 -586 814
84 414 -526
112 37 -386
866 186 968
-783 -17 402
-260 -741 504
-928 -974 779
235 167 138
-657 -531 849
686 291 279
787 433 13
734 988 -422
706 -327 -674
799 -167 -803
494 -524 29
335 -99 25
-632 -635 -538
205 416 851
-645 567 990
928 380 842
-47 385 -811
-760 132 -960
-393 207 342
-135 265 136
102 627 536
889 564 -609
469 -935 -628
75 819 -190
693 -510 552
-662 734 948
790 480 685
48 -148 108
-697 34 717
-657 -496 -770
14 -294 -94
439 -189 -881
-28 984 215
654 239 271
156 54 936
-549 78 -632
352 545 873
-565 468 462
16 -144 87
-434 685 -847
716 734 -562
24 -209 -574
666 -151 723
619 210 378
-952 759 -880
-424 -484 -116
-764 739 -783
-149 128 190
875 901 -376
-480 522 400
-50 739 -996
-856 -380 54
-991 -527 -25
-511 82 -182
-835 -848 -598
-666 -87 432
657 121 -109
-326 -931 -631
192 -198 955
-441 -692 -755
-873 10 693
-328 685 -416
-395 182 -584
-278 -133 345
981 772 -893
969 -776 837
-909 221 617
-112 83 561
-234 -711 -704
907 -91 300
-250 -604 -213
-333 245 289
840 -948 938
-846 -51 -677
-187 -869 38
-283 138 512
-899 178 656
429 -241 205
323 -965 -761
-176 -425 340
305 -716 -972
-587 809 540
-392 -296 157
12 -592 -602
892 -433 833
48 290 397
466 989 -642
-801 443 -654
-846 841 -459
-502 461 856
503 779 151
731 151 356
-420 -48 -284
-680 507 -938
-46 -826 -318
-617 -946 568
232 -297 590
595 -753 -307
-346 -345 -771
-990 732 732
146 279 430
-234 -66 -522
515 -500 616
-724 441 -212
-12 -339 142
-273 -49 606
-600 -242 -445
-884 -900 883
-303 -357 426
165 432 -494
-925 -36 544
548 641 -74
-342 -481 -694
-871 184 118
-403 -825 546
523 662 -762
-354 307 87
809 -945 820
-492 625 155
-969 851 -599
-334 -843 -610
-218 634 -388
-39 -912 860
813 -451 -382
750 500 -531
-646 -86 -672
-123 309 -634
437 -793 162
-32 438 -453
-522 -214 -565
640 -67 -361
-768 -368 359
324 922 -757
246 -782 861
385 -196 -544
383 198 377
-859 -226 852
-485 -3 -878
-381 -452 -578
-431 -584 -681
244 -674 -114
375 -166 -878
962 -181 -161
230 665 533
984 -807 -293
908 772 484
610 931 651
-503 -358 -471
940 -63 541
-937 783 496
-28 -609 -856
-675 218 -64
-790 766 -69
-475 509 -741
-72 -796 520
-490 246 289
-294 -889 734
-149 -195 -580
-19 859 -190
-802 260 605
23 -353 -717
-535 858 450
737 -885 947
900 -906 811
-663 -441 -395
-395 -677 545
-993 644 -670
-185 733 -869
917 813 724
-621 -185 504
-318 928 618
-168 61 -510
-538 -492 -938
852 505 -486
-834 -741 -538
-102 174 82
-103 875 -16
-462 -636 404
-421 534 -836
-110 703 -719
764 532 196
-639 -39 -383
672 -205 -839
-525 296 355
-893 843 678
168 -747 28
811 -347 638
989 444 964
-212 992 -470
-305 959 -935
-228 883 -212
258 374 -402
-729 -424 421
-214 -794 -553
-466 165 382
-927 -93 -820
-570 -808 -991
-373 -583 -16
-155 781 -356
-587 -110 35
-46 527 -554
964 -758 68
685 -549 -646
-458 -889 404
-314 -983 -859
-333 432 -542
-79 -178 -962
-596 859 -877
284 461 -877
-716 557 -645
42 -437 682
180 -256 789
-57 737 -980
90 824 -910
689 -552 340
460 449 -695
-776 763 -830
670 -324 -728
-268 308 -946
94 -399 -240
430 551 -598
-967 224 -994
380 621 118
816 527 -85
-557 -848 -336
-633 -139 -693
327 545 -126
106 618 814
-724 -467 270
981 612 411
-61 801 -767
167 309 275
671 -593 351
224 314 999
-672 265 -222
-860 -937 418
-86 300 651
-34 516 295
-108 733 516
-271 -495 154
772 251 534
-153 406 178
678 -159 -6
-499 -726 -322
-288 397 -631
-612 -878 -278
-556 338 100
416 521 37
781 -494 927
-664 107 -452
-517 -23 -290
649 32 -693
111 554 -427
-353 672 -526
-922 15 -745
391 -682 384
25 -599 -542
-567 583 87
449 -265 -747
-798 -398 123
-762 712 958
-772 84 313
194 793 237
-907 443 446
364 833 -641
756 517 -98
-162 -385 703
263 480 -797
345 160 -139
86 987 759
-790 -553 145
-550 -127 -412
-273 -117 746
428 -190 -764
332 -259 197
-658 -756 -1000
-330 -895 -488
10 -367 -501
952 673 190
-409 564 127
850 669 -535
855 -432 146
-196 711 -447
123 852 -506
278 681 -236
220 356 395
297 -357 740
-980 -360 -730
-581 332 861
-238 -577 664
898 141 -513
526 -170 765
-626 -170 -637
430 -108 -502
384 -49 -924
567 264 142
-430 1 501
-102 -214 649
272 777 -658
-469 -468 -849
-605 -665 513
-816 221 -952
774 732 673
849 -887 699
-689 -31 687
-405 -424 -933
-734 -415 -961
-748 927 829
431 718 221
175 713 -360
-754 -333 215
-437 692 881
-373 202 386
-769 960 -680
-440 -105 466
209 927 116
-988 219 -607
-822 339 -173
504 -28 -525
-657 -926 274
-667 -307 -809
-583 879 143
-387 787 641
809 347 -513
-912 -915 -422
-482 -709 882
490 -696 834
-306 624 456
-859 -549 -965
-82 -397 647
-833 -459 511
269 -745 -221
383 119 -76
460 901 96
359 -958 -17
-465 413 801
211 75 -893
978 -230 -50
-43 183 440
287 -524 759
50 520 207
487 366 -980
342 -366 -940
-10 -916 -934
962 480 596
-961 54 -922
-493 -533 -428
-548 140 880
741 -332 518
765 -357 122
681 358 315
969 -971 192
681 845 925
751 -91 -201
76 -571 244
129 -472 855
-56 673 927
21 -571 269
-675 56 -999
-902 72 674
-724 -464 69
-316 -194 202
-74 134 106
486 -655 133
-642 -95 634
-595 671 -440
-590 343 347
888 346 150
765 -450 -721
-152 -640 -823
311 832 -106
-95 -56 -221
-943 -208 442
954 938 -924
-716 818 735
-3 -977 -89
377 -143 -83
837 104 677
-867 851 545
63 -152 -953
966 750 -3
-854 -201 114
666 -460 563
374 220 -188
982 -936 154
-586 768 426
121 -823 -968
-486 -347 -991
-468 -894 359
-880 567 -227
710 391 818
-387 -958 598
-529 -452 362
217 -753 -641
447 688 -461
-391 39 -599
-267 -755 -575
759 -373 435
870 -196 102
952 -312 390
-514 -68 -663
-780 112 -127
20 383 353
157 -537 156
-441 101 -645
634 -217 -603
740 707 -233
476 130 -356
-872 531 -551
-983 421 -646
-537 -882 551
-477 -673 195
849 561 -904
-836 805 -171
143 -492 344
-181 595 621
371 -380 839
196 550 -991
748 534 -162
523 -283 187
-89 -6 700
555 -106 -521
8 174 412
147 -992 -231
-552 -388 901
302 365 -771
-441 -505 -358
-105 138 210
225 -500 608
230 -72 -910
-299 -638 363
746 106 48
354 883 69
440 -885 284
-912 -192 384
-42 488 -348
970 926 685
21 -113 835
-140 -559 -413
192 -589 -875
